ISBIDiceComplete: 0.589466
ISBIVOEComplete: 0.582097
ISBIRVDComplete: 1.392898
ISBIASSDComplete: 6.995965
ISBIMSSDComplete: 159.372415
ISBIDiceComplete: 0.490221
ISBIVOEComplete: 0.675302
ISBIRVDComplete: 2.079789
ISBIASSDComplete: 4.245046
ISBIMSSDComplete: 26.807077
ISBIDiceComplete: 0.927560
ISBIVOEComplete: 0.135093
ISBIRVDComplete: -0.135093
ISBIASSDComplete: 0.310655
ISBIMSSDComplete: 5.589770
